50
15 15
000000000000000
000000000000000
000000000000000
777777777770077
737726477326641
767777777570077
757000007770000
777000000000000
000000000000000
777777777777777
717737717737717
777757777757777
000777000777000
000000000000000
000000000000000
15 15
000000000000000
000000000000000
000000000000000
000000000000000
000000000000000
000000000000000
777777777777777
737377247726471
767677777777777
757670000000000
777570000000000
007770000777700
030000000724700
757777700777700
717171700000000
15 15
000000000000000
000000000000000
000000000000000
000000000000000
777777777777700
177177172664700
777777777777700
000000000000000
000000000000000
000000000000000
000000000000000
007777777777077
307247372647031
507777677777057
000007570000000
15 15
000000000000000
000000000000000
000000000000000
000000000000000
000000000000000
000000000000000
777777777770777
373737726470724
576767777770777
775767000000000
077757000000000
077777777777077
071700717717031
077700777777057
000000000000000
15 15
000000000000000
000000000000000
000000000000000
777777777777777
737373773726471
757676775777777
777576777777777
777775777771724
717077771777777
777000077700000
000000000000000
000000000000000
000000000000000
000000000000000
000000000000000
15 15
377377377247264
577677677777777
777577670000724
007777570000777
000007770000000
000000000000000
000000000000000
000000000000000
000000000000000
000000000000000
000000000000000
007777770077777
007177170071717
007777770077777
000000000000000
15 15
000000000000000
000000000000000
007777770077777
007177170071717
777777777777777
737377377373724
757677677576777
777577577776700
007777770075700
000000000077700
000000000000000
000000000000000
000000000000000
000000000000000
000000000000000
15 15
370000071717071
570000077777077
770000000000000
000000000000000
000000000000000
777777777777777
377373773726471
677575776777777
677777775700000
570000077700000
770000000000000
000000000000000
000000000000000
000000000000000
000000000000000
15 15
000000000000000
000000000000000
777000000000000
717000000000000
777000000000000
777777777777777
737726477264724
767777777777777
767000000000724
757000000000777
777777077707777
000737071707171
000757077707777
000777000000000
000000000000000
15 15
000000000000000
000000000000000
000000000000000
000000000000000
000000000000000
000000000000000
000000000000000
777077777700077
737072473702641
767077776700077
767077775777777
757073777772471
777075700077777
000077701100000
000000000000000
15 15
000000000000000
000000000000000
000000000000000
000000000000000
000000000000000
000000000000000
000000000000000
000000000000000
777777777777000
264737726647000
777767777777000
000757000000000
770777777700000
370737724701111
570757777700000
15 15
000077777777700
000071771771700
000077777777700
000000000000000
777777777777777
373773773773724
575776776776777
777775776775777
000077775777771
000000077700077
000000000000000
000000000000000
000000000000000
000000000000000
000000000000000
15 15
777777777770777
177266477170724
777777777770777
000000000000000
000000000000000
000000000000000
000000000000000
000000000000000
000000000000000
000000000000000
000000000000000
007777777777077
307264772647031
507777777777057
007170000000000
15 15
000000000000000
000000000000000
000000000000000
000000000000000
000000000000000
000000000000000
000000000000000
000000000000000
777777777777777
377377377373724
677677577576777
577677777775700
777570777077700
007770111000001
000000777000000
15 15
000000000000000
000000000000000
000000000000000
000000000000000
000000000000000
000000000000000
000000000000000
777777770777000
717717170717000
777777777777777
737073373737724
757076675767777
777075677757000
000077500777000
000000000000000
15 15
737370726647264
757670777777777
777570000000000
007770000000000
000000000000000
000000000000000
777770777777777
717170724771241
777770777777777
000000000000000
000000000000000
000000000000000
000000000000000
000000000000000
000000000000000
15 15
000000000000000
777777777777777
737717377173771
757777577775777
777007770077700
000000000000000
000000000000000
000000000000000
000000000000000
777777777777777
726477266477371
777777777777677
000000000007570
000000000007770
000000000000000
15 15
000000000000000
000000000000000
077777777777777
072477377177171
077777577777777
000007770000000
000000000000000
000000000000000
000000000000000
777777777700077
372664773702641
577777776700077
770000075700000
000000077700000
000000000000000
15 15
737266477264724
767777777777777
757000000000000
777000000000000
000000000000000
777777777777777
717377171771737
777577777777757
007770000000777
000000000000000
000000000000000
000000000000000
000000000000000
000000000000000
000000000000000
15 15
000000000000000
000000000000000
000000000000000
000000000000000
000000000000000
000000000000000
000777777770000
000717266470000
000777777770000
000000000000000
000000000000000
770777777770077
173737377130371
775767677750577
000757570000000
15 15
000000000000000
777077707777777
247073707373724
777076707676777
000075707576700
000077707775700
000000000077700
770077707777777
170071707173771
770077707775777
000000000077700
000000000000000
000000000000000
000000000000000
000000000000000
15 15
777777077777777
717247071717737
777777077777757
000000000000777
777777770777777
737266470737724
767777770767777
757000000757000
777000000777000
000000000000777
000000000000717
000000000000777
000000000000000
000000000000000
000000000000000
15 15
000000000000000
000000000000000
000000000000000
000000000000000
000000000000000
770777777777777
170717177247724
777777777777777
247737377266471
777767677777777
000757570000000
000777770000000
000000000000000
000000000000000
000000000000000
15 15
777777777777700
264772664773700
777777777776700
000000000075700
000000000077700
000000000000000
000000000000000
000000000000000
000000000000000
000000000000000
000000000000000
000000000000000
007777777077777
117173737073771
007775757075777
15 15
000000000000000
000000000000000
000000000000000
777777077777777
372647073737737
577777076767757
770000075767777
000000077757000
000000000777000
000000000777700
000000000724700
000000000777700
000000000000000
077700077777000
071700071717010
15 15
000000000000000
000000000000000
000000000000000
000000000000000
000000000000000
000000000000000
000000000000000
077777707770077
071771707370071
077777707670077
000000007670000
077777777570077
372647377770331
577777670000557
000007570000000
15 15
000000000000000
000000000000000
000000000000000
770777777777777
370726477373724
670777777576777
670000007775724
570000000077777
770777777077777
000717717071771
000777777077777
000000000000000
000000000000000
000000000000000
000000000000000
15 15
777777707777777
373773707264724
676775707777777
576777700000000
775700000000000
077700000000000
000000000000000
000000000000000
000000000000000
000000000000000
000000000000000
777777777777770
172477177177170
777777777777770
000000000000000
15 15
000000000000000
000000000000000
000000000000077
000000000000071
000000000000077
777707777777777
264707377266471
777707677777777
000007570000000
000007770000000
000000000000000
000000000000000
777007777770777
247017177370724
777007777570777
15 15
777000000000000
717000000000000
777000000000000
777777777777777
724771724724771
777777777777777
726647737726471
777777767777777
000000757000000
000000777000000
000000000000000
000000000000000
000000000000000
000000000000000
000000000000000
15 15
000000000000000
000000000000000
000000000000000
000000000000000
777777777777777
377264772647737
677777777777757
670000000000777
570000000000000
770000000000000
000000000000000
000000000000000
777770077700000
247370071701110
777570077700000
15 15
000000000000000
000000000000000
000000000000000
777777777777777
737372664772471
767677777777777
757570000000000
777770000000000
000000000000000
000000000000000
777777777777777
717172477247717
777777777777777
000000000000000
000000000000000
15 15
000000000000000
000000000000000
000000000000000
777777077777777
264737072647724
777767077777777
770767077770777
170757072470737
770777077770757
000000000000777
000777077700077
000717071700071
000777077700077
000000000000000
000000000000000
15 15
000000000000000
000000000000000
000000000000000
000000000000000
777777077777777
372647072664724
677777077777777
570000000000724
770000000000777
000000000000000
077777777777777
071771772477171
077777777777777
000000000000000
000000000000000
15 15
000000000000000
000000000000000
000000000000000
000000000000000
777777777777777
726477377372664
777777577677777
000007777570071
000000007770077
000000000000000
000000000000000
000000000000000
777077707777777
717071707372471
777077707577777
15 15
000000000000000
000000000000000
777077777777777
737073771771711
757075777777777
777077700000000
000000000000000
000000000000000
000000000000000
777777077777777
726647073773724
777777076776777
000000075775700
000000077777700
000000000000000
15 15
000717000000000
000777000000000
770777707777777
170724707172471
770777707777777
777777777770777
264737726470724
777767777770777
000767000000000
000757000000000
000777000000000
000000000000000
000000000000000
000000000000000
000000000000000
15 15
000000000000000
000000000000000
000000000000000
777770777077777
737370737072664
757670767077777
777570757000724
007770777000777
000000000000000
000000000000000
000000000000000
777770777000000
717170717003010
777770777005000
000000000000000
15 15
000000000000000
000000000000000
777777777777777
726472647266471
777777777777777
000000000007770
000000000007170
000000000007770
000000000000000
000000000000000
777077777777777
717072477247371
777077777777577
000000000007770
000000000000000
15 15
000000000000000
000000000000000
000000000000000
000000000000000
000000000000000
000000000000000
000000000000000
000000000000000
000000000000000
000000000000000
000077777707777
330072664707111
667777777777777
557173700737724
007775700757777
15 15
000000000000000
000000000000000
000000000000000
000000000000000
777777777777777
264773726647264
777775777777777
777777777707777
177170073707371
777770075707577
000000077707770
000000777000000
000000717000000
000000777000000
000000000000000
15 15
000000000000000
000000000000000
000000000000000
000000000000000
000000000000000
000000000000000
000000000000000
000000000000000
000000000000000
000000000000000
000007777777000
300007264737000
677777777767000
537737370767711
757757570757171
15 15
000000000000000
000000000000000
000000000000000
777777777777777
373773737737371
575776767757677
777775767777570
000077757007770
000000777000000
000000000000000
000000000000000
000000000000000
000000000000000
000077777007770
000071717007170
15 15
770777077770777
170717072470737
770777077770757
000000000000777
777707777777777
264707372664724
777707677777777
000007570000071
000007770000077
000000000000000
000000000000000
000000000000000
000000000000000
000000077700000
000000071700000
15 15
000000000000000
000000000000000
777777777777777
737726477266471
767777777777777
757777707777777
777724707247737
000777707777757
000000000000777
000000000000000
000000000000000
000000000000000
000000000000000
777777007770000
717717007170000
15 15
071700000717000
077700000777000
000000000000000
000000000000000
000000000000000
000000000000000
000000000000000
000000000000000
000000000000000
000000000000000
770000000000000
177777777726647
373771724737724
576777777767777
075700000757000
15 15
000000000000000
770777777707777
170726473707264
770777776707777
000000076700000
000000075700000
000000077700000
000000000000000
000000000000000
000000000000000
000000000000000
000000000000000
777777077777777
117737072477371
777757077777577
15 15
373773726647737
576776777777757
775775700000777
777777777777777
170000071771737
770000077777757
000000000000777
000000000000000
000000000000000
000000000000000
000000000000000
000000000000000
000000777000000
000000717000000
000000777000000
15 15
717717071717240
777777077777000
000000000000000
000000000000000
000000000000000
000000000000000
777777077777777
737737073737264
767757075767777
757777077767000
777000000757000
000000000777000
000000000000000
000000000000000
000000000000000
15 15
000000000000000
000000000000000
000000000000000
000000000000000
000000000000000
000000000000000
000000000000777
777777777777724
737264737732647
757777767757000
777000767777000
000000757000000
000000777000000
007777777770000
007171717170000
